
  i\n        2         3         4         5         6         7         8         9
-----------------------------------------------------------------------------------------
1      :: 0.0526316 0.0344828 0.0256410 0.0204082 0.0169492 0.0144928 0.0126582 0.0112360
2      :: 0.1052632 0.0689655 0.0512821 0.0408163 0.0338983 0.0289855 0.0253165 0.0224719
3      :: 0.1578947 0.1034483 0.0769231 0.0612245 0.0508475 0.0434783 0.0379747 0.0337079
4      :: 0.2105263 0.1379310 0.1025641 0.0816327 0.0677966 0.0579710 0.0506329 0.0449438
5      :: 0.2631579 0.1724138 0.1282051 0.1020408 0.0847458 0.0724638 0.0632911 0.0561798
6      :: 0.3157895 0.2068966 0.1538462 0.1224490 0.1016949 0.0869565 0.0759494 0.0674157
7      :: 0.3684211 0.2413793 0.1794872 0.1428571 0.1186441 0.1014493 0.0886076 0.0786517
8      :: 0.4210526 0.2758621 0.2051282 0.1632653 0.1355932 0.1159420 0.1012658 0.0898876
9      :: 0.4736842 0.3103448 0.2307692 0.1836735 0.1525424 0.1304348 0.1139241 0.1011236


1 	1
2 	105263157894736842
3 	1034482758620689655172413793
4 	102564
5 	142857
6 	1016949152542372881355932203389830508474576271186440677966
7 	1014492753623188405797
8 	1012658227848
9 	10112359550561797752808988764044943820224719
