// notes for pisano numbers

1 :: 0  1  2  3  4  5  6  7  8  9 10 11 12 13 14 15 16 17 18 19 20 21 22 23 24 25 26 27 28 29 | A001175 

1 :: 0  1  0  0  0  0  0  0  0  0  0  0  0  0  0  0  0  0  0  0  0  0  0  0  0  0  0  0  0  0 |  1
2 :: 0  1  1  0  1  1  0  1  1  0  1  1  0  1  1  0  1  1  0  1  1  0  1  1  0  1  1  0  1  1 |  3
3 :: 0  1  1  2  0  2  2  1  0  1  1  2  0  2  2  1  0  1  1  2  0  2  2  1  0  1  1  2  0  2 |  8
4 :: 0  1  1  2  3  1  0  1  1  2  3  1  0  1  1  2  3  1  0  1  1  2  3  1  0  1  1  2  3  1 |  6
5 :: 0  1  1  2  3  0  3  3  1  4  0  4  4  3  2  0  2  2  4  1  0  1  1  2  3  0  3  3  1  4 | 20 
6 :: 0  1  1  2  3  5  2  1  3  4  1  5  0  5  5  4  3  1  4  5  3  2  5  1  0  1  1  2  3  5 | 24
7 :: 0  1  1  2  3  5  1  6  0  6  6  5  4  2  6  1  0  1  1  2  3  5  1  6  0  6  6  5  4  2 | 16
8 :: 0  1  1  2  3  5  0  5  5  2  7  1  0  1  1  2  3  5  0  5  5  2  7  1  0  1  1  2  3  5 | 12
9 :: 0  1  1  2  3  5  8  4  3  7  1  8  0  8  8  7  6  4  1  5  6  2  8  1  0  1  1  2  3  5 | 24

