  0 =>                                                                                                                                                       1  :: 1
  1 =>                                                                                                                                                      1 1  :: 2
  2 =>                                                                                                                                                     1 2 1  :: 3
  3 =>                                                                                                                                                    1 3 3 1  :: 4
  4 =>                                                                                                                                                   1 4 6 4 1  :: 5
  5 =>                                                                                                                                                  1 5 3 3 5 1  :: 6
  6 =>                                                                                                                                                 1 6 1 6 1 6 1  :: 7
  7 =>                                                                                                                                                1             1  :: 2
  8 =>                                                                                                                                               1 1           1 1  :: 4
  9 =>                                                                                                                                              1 2 1         1 2 1  :: 6
 10 =>                                                                                                                                             1 3 3 1       1 3 3 1  :: 8
 11 =>                                                                                                                                            1 4 6 4 1     1 4 6 4 1  :: 10
 12 =>                                                                                                                                           1 5 3 3 5 1   1 5 3 3 5 1  :: 12
 13 =>                                                                                                                                          1 6 1 6 1 6 1 1 6 1 6 1 6 1  :: 14
 14 =>                                                                                                                                         1             2             1  :: 3
 15 =>                                                                                                                                        1 1           2 2           1 1  :: 6
 16 =>                                                                                                                                       1 2 1         2 4 2         1 2 1  :: 9
 17 =>                                                                                                                                      1 3 3 1       2 6 6 2       1 3 3 1  :: 12
 18 =>                                                                                                                                     1 4 6 4 1     2 1 5 1 2     1 4 6 4 1  :: 15
 19 =>                                                                                                                                    1 5 3 3 5 1   2 3 6 6 3 2   1 5 3 3 5 1  :: 18
 20 =>                                                                                                                                   1 6 1 6 1 6 1 2 5 2 5 2 5 2 1 6 1 6 1 6 1  :: 21
 21 =>                                                                                                                                  1             3             3             1  :: 4
 22 =>                                                                                                                                 1 1           3 3           3 3           1 1  :: 8
 23 =>                                                                                                                                1 2 1         3 6 3         3 6 3         1 2 1  :: 12
 24 =>                                                                                                                               1 3 3 1       3 2 2 3       3 2 2 3       1 3 3 1  :: 16
 25 =>                                                                                                                              1 4 6 4 1     3 5 4 5 3     3 5 4 5 3     1 4 6 4 1  :: 20
 26 =>                                                                                                                             1 5 3 3 5 1   3 1 2 2 1 3   3 1 2 2 1 3   1 5 3 3 5 1  :: 24
 27 =>                                                                                                                            1 6 1 6 1 6 1 3 4 3 4 3 4 3 3 4 3 4 3 4 3 1 6 1 6 1 6 1  :: 28
 28 =>                                                                                                                           1             4             6             4             1  :: 5
 29 =>                                                                                                                          1 1           4 4           6 6           4 4           1 1  :: 10
 30 =>                                                                                                                         1 2 1         4 1 4         6 5 6         4 1 4         1 2 1  :: 15
 31 =>                                                                                                                        1 3 3 1       4 5 5 4       6 4 4 6       4 5 5 4       1 3 3 1  :: 20
 32 =>                                                                                                                       1 4 6 4 1     4 2 3 2 4     6 3 1 3 6     4 2 3 2 4     1 4 6 4 1  :: 25
 33 =>                                                                                                                      1 5 3 3 5 1   4 6 5 5 6 4   6 2 4 4 2 6   4 6 5 5 6 4   1 5 3 3 5 1  :: 30
 34 =>                                                                                                                     1 6 1 6 1 6 1 4 3 4 3 4 3 4 6 1 6 1 6 1 6 4 3 4 3 4 3 4 1 6 1 6 1 6 1  :: 35
 35 =>                                                                                                                    1             5             3             3             5             1  :: 6
 36 =>                                                                                                                   1 1           5 5           3 3           3 3           5 5           1 1  :: 12
 37 =>                                                                                                                  1 2 1         5 3 5         3 6 3         3 6 3         5 3 5         1 2 1  :: 18
 38 =>                                                                                                                 1 3 3 1       5 1 1 5       3 2 2 3       3 2 2 3       5 1 1 5       1 3 3 1  :: 24
 39 =>                                                                                                                1 4 6 4 1     5 6 2 6 5     3 5 4 5 3     3 5 4 5 3     5 6 2 6 5     1 4 6 4 1  :: 30
 40 =>                                                                                                               1 5 3 3 5 1   5 4 1 1 4 5   3 1 2 2 1 3   3 1 2 2 1 3   5 4 1 1 4 5   1 5 3 3 5 1  :: 36
 41 =>                                                                                                              1 6 1 6 1 6 1 5 2 5 2 5 2 5 3 4 3 4 3 4 3 3 4 3 4 3 4 3 5 2 5 2 5 2 5 1 6 1 6 1 6 1  :: 42
 42 =>                                                                                                             1             6             1             6             1             6             1  :: 7
 43 =>                                                                                                            1 1           6 6           1 1           6 6           1 1           6 6           1 1  :: 14
 44 =>                                                                                                           1 2 1         6 5 6         1 2 1         6 5 6         1 2 1         6 5 6         1 2 1  :: 21
 45 =>                                                                                                          1 3 3 1       6 4 4 6       1 3 3 1       6 4 4 6       1 3 3 1       6 4 4 6       1 3 3 1  :: 28
 46 =>                                                                                                         1 4 6 4 1     6 3 1 3 6     1 4 6 4 1     6 3 1 3 6     1 4 6 4 1     6 3 1 3 6     1 4 6 4 1  :: 35
 47 =>                                                                                                        1 5 3 3 5 1   6 2 4 4 2 6   1 5 3 3 5 1   6 2 4 4 2 6   1 5 3 3 5 1   6 2 4 4 2 6   1 5 3 3 5 1  :: 42
 48 =>                                                                                                       1 6 1 6 1 6 1 6 1 6 1 6 1 6 1 6 1 6 1 6 1 6 1 6 1 6 1 6 1 6 1 6 1 6 1 6 1 6 1 6 1 6 1 6 1 6 1 6 1  :: 49
 49 =>                                                                                                      1                                                                                                 1  :: 2
 50 =>                                                                                                     1 1                                                                                               1 1  :: 4
 51 =>                                                                                                    1 2 1                                                                                             1 2 1  :: 6
 52 =>                                                                                                   1 3 3 1                                                                                           1 3 3 1  :: 8
 53 =>                                                                                                  1 4 6 4 1                                                                                         1 4 6 4 1  :: 10
 54 =>                                                                                                 1 5 3 3 5 1                                                                                       1 5 3 3 5 1  :: 12
 55 =>                                                                                                1 6 1 6 1 6 1                                                                                     1 6 1 6 1 6 1  :: 14
 56 =>                                                                                               1             1                                                                                   1             1  :: 4
 57 =>                                                                                              1 1           1 1                                                                                 1 1           1 1  :: 8
 58 =>                                                                                             1 2 1         1 2 1                                                                               1 2 1         1 2 1  :: 12
 59 =>                                                                                            1 3 3 1       1 3 3 1                                                                             1 3 3 1       1 3 3 1  :: 16
 60 =>                                                                                           1 4 6 4 1     1 4 6 4 1                                                                           1 4 6 4 1     1 4 6 4 1  :: 20
 61 =>                                                                                          1 5 3 3 5 1   1 5 3 3 5 1                                                                         1 5 3 3 5 1   1 5 3 3 5 1  :: 24
 62 =>                                                                                         1 6 1 6 1 6 1 1 6 1 6 1 6 1                                                                       1 6 1 6 1 6 1 1 6 1 6 1 6 1  :: 28
 63 =>                                                                                        1             2             1                                                                     1             2             1  :: 6
 64 =>                                                                                       1 1           2 2           1 1                                                                   1 1           2 2           1 1  :: 12
 65 =>                                                                                      1 2 1         2 4 2         1 2 1                                                                 1 2 1         2 4 2         1 2 1  :: 18
 66 =>                                                                                     1 3 3 1       2 6 6 2       1 3 3 1                                                               1 3 3 1       2 6 6 2       1 3 3 1  :: 24
 67 =>                                                                                    1 4 6 4 1     2 1 5 1 2     1 4 6 4 1                                                             1 4 6 4 1     2 1 5 1 2     1 4 6 4 1  :: 30
 68 =>                                                                                   1 5 3 3 5 1   2 3 6 6 3 2   1 5 3 3 5 1                                                           1 5 3 3 5 1   2 3 6 6 3 2   1 5 3 3 5 1  :: 36
 69 =>                                                                                  1 6 1 6 1 6 1 2 5 2 5 2 5 2 1 6 1 6 1 6 1                                                         1 6 1 6 1 6 1 2 5 2 5 2 5 2 1 6 1 6 1 6 1  :: 42
 70 =>                                                                                 1             3             3             1                                                       1             3             3             1  :: 8
 71 =>                                                                                1 1           3 3           3 3           1 1                                                     1 1           3 3           3 3           1 1  :: 16
 72 =>                                                                               1 2 1         3 6 3         3 6 3         1 2 1                                                   1 2 1         3 6 3         3 6 3         1 2 1  :: 24
 73 =>                                                                              1 3 3 1       3 2 2 3       3 2 2 3       1 3 3 1                                                 1 3 3 1       3 2 2 3       3 2 2 3       1 3 3 1  :: 32
 74 =>                                                                             1 4 6 4 1     3 5 4 5 3     3 5 4 5 3     1 4 6 4 1                                               1 4 6 4 1     3 5 4 5 3     3 5 4 5 3     1 4 6 4 1  :: 40
 75 =>                                                                            1 5 3 3 5 1   3 1 2 2 1 3   3 1 2 2 1 3   1 5 3 3 5 1                                             1 5 3 3 5 1   3 1 2 2 1 3   3 1 2 2 1 3   1 5 3 3 5 1  :: 48
 76 =>                                                                           1 6 1 6 1 6 1 3 4 3 4 3 4 3 3 4 3 4 3 4 3 1 6 1 6 1 6 1                                           1 6 1 6 1 6 1 3 4 3 4 3 4 3 3 4 3 4 3 4 3 1 6 1 6 1 6 1  :: 56
 77 =>                                                                          1             4             6             4             1                                         1             4             6             4             1  :: 10
 78 =>                                                                         1 1           4 4           6 6           4 4           1 1                                       1 1           4 4           6 6           4 4           1 1  :: 20
 79 =>                                                                        1 2 1         4 1 4         6 5 6         4 1 4         1 2 1                                     1 2 1         4 1 4         6 5 6         4 1 4         1 2 1  :: 30
 80 =>                                                                       1 3 3 1       4 5 5 4       6 4 4 6       4 5 5 4       1 3 3 1                                   1 3 3 1       4 5 5 4       6 4 4 6       4 5 5 4       1 3 3 1  :: 40
 81 =>                                                                      1 4 6 4 1     4 2 3 2 4     6 3 1 3 6     4 2 3 2 4     1 4 6 4 1                                 1 4 6 4 1     4 2 3 2 4     6 3 1 3 6     4 2 3 2 4     1 4 6 4 1  :: 50
 82 =>                                                                     1 5 3 3 5 1   4 6 5 5 6 4   6 2 4 4 2 6   4 6 5 5 6 4   1 5 3 3 5 1                               1 5 3 3 5 1   4 6 5 5 6 4   6 2 4 4 2 6   4 6 5 5 6 4   1 5 3 3 5 1  :: 60
 83 =>                                                                    1 6 1 6 1 6 1 4 3 4 3 4 3 4 6 1 6 1 6 1 6 4 3 4 3 4 3 4 1 6 1 6 1 6 1                             1 6 1 6 1 6 1 4 3 4 3 4 3 4 6 1 6 1 6 1 6 4 3 4 3 4 3 4 1 6 1 6 1 6 1  :: 70
 84 =>                                                                   1             5             3             3             5             1                           1             5             3             3             5             1  :: 12
 85 =>                                                                  1 1           5 5           3 3           3 3           5 5           1 1                         1 1           5 5           3 3           3 3           5 5           1 1  :: 24
 86 =>                                                                 1 2 1         5 3 5         3 6 3         3 6 3         5 3 5         1 2 1                       1 2 1         5 3 5         3 6 3         3 6 3         5 3 5         1 2 1  :: 36
 87 =>                                                                1 3 3 1       5 1 1 5       3 2 2 3       3 2 2 3       5 1 1 5       1 3 3 1                     1 3 3 1       5 1 1 5       3 2 2 3       3 2 2 3       5 1 1 5       1 3 3 1  :: 48
 88 =>                                                               1 4 6 4 1     5 6 2 6 5     3 5 4 5 3     3 5 4 5 3     5 6 2 6 5     1 4 6 4 1                   1 4 6 4 1     5 6 2 6 5     3 5 4 5 3     3 5 4 5 3     5 6 2 6 5     1 4 6 4 1  :: 60
 89 =>                                                              1 5 3 3 5 1   5 4 1 1 4 5   3 1 2 2 1 3   3 1 2 2 1 3   5 4 1 1 4 5   1 5 3 3 5 1                 1 5 3 3 5 1   5 4 1 1 4 5   3 1 2 2 1 3   3 1 2 2 1 3   5 4 1 1 4 5   1 5 3 3 5 1  :: 72
 90 =>                                                             1 6 1 6 1 6 1 5 2 5 2 5 2 5 3 4 3 4 3 4 3 3 4 3 4 3 4 3 5 2 5 2 5 2 5 1 6 1 6 1 6 1               1 6 1 6 1 6 1 5 2 5 2 5 2 5 3 4 3 4 3 4 3 3 4 3 4 3 4 3 5 2 5 2 5 2 5 1 6 1 6 1 6 1  :: 84
 91 =>                                                            1             6             1             6             1             6             1             1             6             1             6             1             6             1  :: 14
 92 =>                                                           1 1           6 6           1 1           6 6           1 1           6 6           1 1           1 1           6 6           1 1           6 6           1 1           6 6           1 1  :: 28
 93 =>                                                          1 2 1         6 5 6         1 2 1         6 5 6         1 2 1         6 5 6         1 2 1         1 2 1         6 5 6         1 2 1         6 5 6         1 2 1         6 5 6         1 2 1  :: 42
 94 =>                                                         1 3 3 1       6 4 4 6       1 3 3 1       6 4 4 6       1 3 3 1       6 4 4 6       1 3 3 1       1 3 3 1       6 4 4 6       1 3 3 1       6 4 4 6       1 3 3 1       6 4 4 6       1 3 3 1  :: 56
 95 =>                                                        1 4 6 4 1     6 3 1 3 6     1 4 6 4 1     6 3 1 3 6     1 4 6 4 1     6 3 1 3 6     1 4 6 4 1     1 4 6 4 1     6 3 1 3 6     1 4 6 4 1     6 3 1 3 6     1 4 6 4 1     6 3 1 3 6     1 4 6 4 1  :: 70
 96 =>                                                       1 5 3 3 5 1   6 2 4 4 2 6   1 5 3 3 5 1   6 2 4 4 2 6   1 5 3 3 5 1   6 2 4 4 2 6   1 5 3 3 5 1   1 5 3 3 5 1   6 2 4 4 2 6   1 5 3 3 5 1   6 2 4 4 2 6   1 5 3 3 5 1   6 2 4 4 2 6   1 5 3 3 5 1  :: 84
 97 =>                                                      1 6 1 6 1 6 1 6 1 6 1 6 1 6 1 6 1 6 1 6 1 6 1 6 1 6 1 6 1 6 1 6 1 6 1 6 1 6 1 6 1 6 1 6 1 6 1 6 1 1 6 1 6 1 6 1 6 1 6 1 6 1 6 1 6 1 6 1 6 1 6 1 6 1 6 1 6 1 6 1 6 1 6 1 6 1 6 1 6 1 6 1 6 1 6 1 6 1  :: 98
 98 =>                                                     1                                                                                                 2                                                                                                 1  :: 3
 99 =>                                                    1 1                                                                                               2 2                                                                                               1 1  :: 6
100 =>                                                   1 2 1                                                                                             2 4 2                                                                                             1 2 1  :: 9
101 =>                                                  1 3 3 1                                                                                           2 6 6 2                                                                                           1 3 3 1  :: 12
102 =>                                                 1 4 6 4 1                                                                                         2 1 5 1 2                                                                                         1 4 6 4 1  :: 15
103 =>                                                1 5 3 3 5 1                                                                                       2 3 6 6 3 2                                                                                       1 5 3 3 5 1  :: 18
104 =>                                               1 6 1 6 1 6 1                                                                                     2 5 2 5 2 5 2                                                                                     1 6 1 6 1 6 1  :: 21
105 =>                                              1             1                                                                                   2             2                                                                                   1             1  :: 6
106 =>                                             1 1           1 1                                                                                 2 2           2 2                                                                                 1 1           1 1  :: 12
107 =>                                            1 2 1         1 2 1                                                                               2 4 2         2 4 2                                                                               1 2 1         1 2 1  :: 18
108 =>                                           1 3 3 1       1 3 3 1                                                                             2 6 6 2       2 6 6 2                                                                             1 3 3 1       1 3 3 1  :: 24
109 =>                                          1 4 6 4 1     1 4 6 4 1                                                                           2 1 5 1 2     2 1 5 1 2                                                                           1 4 6 4 1     1 4 6 4 1  :: 30
110 =>                                         1 5 3 3 5 1   1 5 3 3 5 1                                                                         2 3 6 6 3 2   2 3 6 6 3 2                                                                         1 5 3 3 5 1   1 5 3 3 5 1  :: 36
111 =>                                        1 6 1 6 1 6 1 1 6 1 6 1 6 1                                                                       2 5 2 5 2 5 2 2 5 2 5 2 5 2                                                                       1 6 1 6 1 6 1 1 6 1 6 1 6 1  :: 42
112 =>                                       1             2             1                                                                     2             4             2                                                                     1             2             1  :: 9
113 =>                                      1 1           2 2           1 1                                                                   2 2           4 4           2 2                                                                   1 1           2 2           1 1  :: 18
114 =>                                     1 2 1         2 4 2         1 2 1                                                                 2 4 2         4 1 4         2 4 2                                                                 1 2 1         2 4 2         1 2 1  :: 27
115 =>                                    1 3 3 1       2 6 6 2       1 3 3 1                                                               2 6 6 2       4 5 5 4       2 6 6 2                                                               1 3 3 1       2 6 6 2       1 3 3 1  :: 36
116 =>                                   1 4 6 4 1     2 1 5 1 2     1 4 6 4 1                                                             2 1 5 1 2     4 2 3 2 4     2 1 5 1 2                                                             1 4 6 4 1     2 1 5 1 2     1 4 6 4 1  :: 45
117 =>                                  1 5 3 3 5 1   2 3 6 6 3 2   1 5 3 3 5 1                                                           2 3 6 6 3 2   4 6 5 5 6 4   2 3 6 6 3 2                                                           1 5 3 3 5 1   2 3 6 6 3 2   1 5 3 3 5 1  :: 54
118 =>                                 1 6 1 6 1 6 1 2 5 2 5 2 5 2 1 6 1 6 1 6 1                                                         2 5 2 5 2 5 2 4 3 4 3 4 3 4 2 5 2 5 2 5 2                                                         1 6 1 6 1 6 1 2 5 2 5 2 5 2 1 6 1 6 1 6 1  :: 63
119 =>                                1             3             3             1                                                       2             6             6             2                                                       1             3             3             1  :: 12
120 =>                               1 1           3 3           3 3           1 1                                                     2 2           6 6           6 6           2 2                                                     1 1           3 3           3 3           1 1  :: 24
121 =>                              1 2 1         3 6 3         3 6 3         1 2 1                                                   2 4 2         6 5 6         6 5 6         2 4 2                                                   1 2 1         3 6 3         3 6 3         1 2 1  :: 36
122 =>                             1 3 3 1       3 2 2 3       3 2 2 3       1 3 3 1                                                 2 6 6 2       6 4 4 6       6 4 4 6       2 6 6 2                                                 1 3 3 1       3 2 2 3       3 2 2 3       1 3 3 1  :: 48
123 =>                            1 4 6 4 1     3 5 4 5 3     3 5 4 5 3     1 4 6 4 1                                               2 1 5 1 2     6 3 1 3 6     6 3 1 3 6     2 1 5 1 2                                               1 4 6 4 1     3 5 4 5 3     3 5 4 5 3     1 4 6 4 1  :: 60
124 =>                           1 5 3 3 5 1   3 1 2 2 1 3   3 1 2 2 1 3   1 5 3 3 5 1                                             2 3 6 6 3 2   6 2 4 4 2 6   6 2 4 4 2 6   2 3 6 6 3 2                                             1 5 3 3 5 1   3 1 2 2 1 3   3 1 2 2 1 3   1 5 3 3 5 1  :: 72
125 =>                          1 6 1 6 1 6 1 3 4 3 4 3 4 3 3 4 3 4 3 4 3 1 6 1 6 1 6 1                                           2 5 2 5 2 5 2 6 1 6 1 6 1 6 6 1 6 1 6 1 6 2 5 2 5 2 5 2                                           1 6 1 6 1 6 1 3 4 3 4 3 4 3 3 4 3 4 3 4 3 1 6 1 6 1 6 1  :: 84
126 =>                         1             4             6             4             1                                         2             1             5             1             2                                         1             4             6             4             1  :: 15
127 =>                        1 1           4 4           6 6           4 4           1 1                                       2 2           1 1           5 5           1 1           2 2                                       1 1           4 4           6 6           4 4           1 1  :: 30
128 =>                       1 2 1         4 1 4         6 5 6         4 1 4         1 2 1                                     2 4 2         1 2 1         5 3 5         1 2 1         2 4 2                                     1 2 1         4 1 4         6 5 6         4 1 4         1 2 1  :: 45
129 =>                      1 3 3 1       4 5 5 4       6 4 4 6       4 5 5 4       1 3 3 1                                   2 6 6 2       1 3 3 1       5 1 1 5       1 3 3 1       2 6 6 2                                   1 3 3 1       4 5 5 4       6 4 4 6       4 5 5 4       1 3 3 1  :: 60
130 =>                     1 4 6 4 1     4 2 3 2 4     6 3 1 3 6     4 2 3 2 4     1 4 6 4 1                                 2 1 5 1 2     1 4 6 4 1     5 6 2 6 5     1 4 6 4 1     2 1 5 1 2                                 1 4 6 4 1     4 2 3 2 4     6 3 1 3 6     4 2 3 2 4     1 4 6 4 1  :: 75
131 =>                    1 5 3 3 5 1   4 6 5 5 6 4   6 2 4 4 2 6   4 6 5 5 6 4   1 5 3 3 5 1                               2 3 6 6 3 2   1 5 3 3 5 1   5 4 1 1 4 5   1 5 3 3 5 1   2 3 6 6 3 2                               1 5 3 3 5 1   4 6 5 5 6 4   6 2 4 4 2 6   4 6 5 5 6 4   1 5 3 3 5 1  :: 90
132 =>                   1 6 1 6 1 6 1 4 3 4 3 4 3 4 6 1 6 1 6 1 6 4 3 4 3 4 3 4 1 6 1 6 1 6 1                             2 5 2 5 2 5 2 1 6 1 6 1 6 1 5 2 5 2 5 2 5 1 6 1 6 1 6 1 2 5 2 5 2 5 2                             1 6 1 6 1 6 1 4 3 4 3 4 3 4 6 1 6 1 6 1 6 4 3 4 3 4 3 4 1 6 1 6 1 6 1  :: 105
133 =>                  1             5             3             3             5             1                           2             3             6             6             3             2                           1             5             3             3             5             1  :: 18
134 =>                 1 1           5 5           3 3           3 3           5 5           1 1                         2 2           3 3           6 6           6 6           3 3           2 2                         1 1           5 5           3 3           3 3           5 5           1 1  :: 36
135 =>                1 2 1         5 3 5         3 6 3         3 6 3         5 3 5         1 2 1                       2 4 2         3 6 3         6 5 6         6 5 6         3 6 3         2 4 2                       1 2 1         5 3 5         3 6 3         3 6 3         5 3 5         1 2 1  :: 54
136 =>               1 3 3 1       5 1 1 5       3 2 2 3       3 2 2 3       5 1 1 5       1 3 3 1                     2 6 6 2       3 2 2 3       6 4 4 6       6 4 4 6       3 2 2 3       2 6 6 2                     1 3 3 1       5 1 1 5       3 2 2 3       3 2 2 3       5 1 1 5       1 3 3 1  :: 72
137 =>              1 4 6 4 1     5 6 2 6 5     3 5 4 5 3     3 5 4 5 3     5 6 2 6 5     1 4 6 4 1                   2 1 5 1 2     3 5 4 5 3     6 3 1 3 6     6 3 1 3 6     3 5 4 5 3     2 1 5 1 2                   1 4 6 4 1     5 6 2 6 5     3 5 4 5 3     3 5 4 5 3     5 6 2 6 5     1 4 6 4 1  :: 90
138 =>             1 5 3 3 5 1   5 4 1 1 4 5   3 1 2 2 1 3   3 1 2 2 1 3   5 4 1 1 4 5   1 5 3 3 5 1                 2 3 6 6 3 2   3 1 2 2 1 3   6 2 4 4 2 6   6 2 4 4 2 6   3 1 2 2 1 3   2 3 6 6 3 2                 1 5 3 3 5 1   5 4 1 1 4 5   3 1 2 2 1 3   3 1 2 2 1 3   5 4 1 1 4 5   1 5 3 3 5 1  :: 108
139 =>            1 6 1 6 1 6 1 5 2 5 2 5 2 5 3 4 3 4 3 4 3 3 4 3 4 3 4 3 5 2 5 2 5 2 5 1 6 1 6 1 6 1               2 5 2 5 2 5 2 3 4 3 4 3 4 3 6 1 6 1 6 1 6 6 1 6 1 6 1 6 3 4 3 4 3 4 3 2 5 2 5 2 5 2               1 6 1 6 1 6 1 5 2 5 2 5 2 5 3 4 3 4 3 4 3 3 4 3 4 3 4 3 5 2 5 2 5 2 5 1 6 1 6 1 6 1  :: 126
140 =>           1             6             1             6             1             6             1             2             5             2             5             2             5             2             1             6             1             6             1             6             1  :: 21
141 =>          1 1           6 6           1 1           6 6           1 1           6 6           1 1           2 2           5 5           2 2           5 5           2 2           5 5           2 2           1 1           6 6           1 1           6 6           1 1           6 6           1 1  :: 42
142 =>         1 2 1         6 5 6         1 2 1         6 5 6         1 2 1         6 5 6         1 2 1         2 4 2         5 3 5         2 4 2         5 3 5         2 4 2         5 3 5         2 4 2         1 2 1         6 5 6         1 2 1         6 5 6         1 2 1         6 5 6         1 2 1  :: 63
143 =>        1 3 3 1       6 4 4 6       1 3 3 1       6 4 4 6       1 3 3 1       6 4 4 6       1 3 3 1       2 6 6 2       5 1 1 5       2 6 6 2       5 1 1 5       2 6 6 2       5 1 1 5       2 6 6 2       1 3 3 1       6 4 4 6       1 3 3 1       6 4 4 6       1 3 3 1       6 4 4 6       1 3 3 1  :: 84
144 =>       1 4 6 4 1     6 3 1 3 6     1 4 6 4 1     6 3 1 3 6     1 4 6 4 1     6 3 1 3 6     1 4 6 4 1     2 1 5 1 2     5 6 2 6 5     2 1 5 1 2     5 6 2 6 5     2 1 5 1 2     5 6 2 6 5     2 1 5 1 2     1 4 6 4 1     6 3 1 3 6     1 4 6 4 1     6 3 1 3 6     1 4 6 4 1     6 3 1 3 6     1 4 6 4 1  :: 105
145 =>      1 5 3 3 5 1   6 2 4 4 2 6   1 5 3 3 5 1   6 2 4 4 2 6   1 5 3 3 5 1   6 2 4 4 2 6   1 5 3 3 5 1   2 3 6 6 3 2   5 4 1 1 4 5   2 3 6 6 3 2   5 4 1 1 4 5   2 3 6 6 3 2   5 4 1 1 4 5   2 3 6 6 3 2   1 5 3 3 5 1   6 2 4 4 2 6   1 5 3 3 5 1   6 2 4 4 2 6   1 5 3 3 5 1   6 2 4 4 2 6   1 5 3 3 5 1  :: 126
146 =>     1 6 1 6 1 6 1 6 1 6 1 6 1 6 1 6 1 6 1 6 1 6 1 6 1 6 1 6 1 6 1 6 1 6 1 6 1 6 1 6 1 6 1 6 1 6 1 6 1 2 5 2 5 2 5 2 5 2 5 2 5 2 5 2 5 2 5 2 5 2 5 2 5 2 5 2 5 2 5 2 5 2 5 2 5 2 5 2 5 2 5 2 5 2 5 2 5 2 1 6 1 6 1 6 1 6 1 6 1 6 1 6 1 6 1 6 1 6 1 6 1 6 1 6 1 6 1 6 1 6 1 6 1 6 1 6 1 6 1 6 1 6 1 6 1 6 1  :: 147
147 =>    1                                                                                                 3                                                                                                 3                                                                                                 1  :: 4
148 =>   1 1                                                                                               3 3                                                                                               3 3                                                                                               1 1  :: 8
149 =>  1 2 1                                                                                             3 6 3                                                                                             3 6 3                                                                                             1 2 1  :: 12
